35
5
35
6
35
7
35
8
35
9
35
10
35
11
35
12
35
13
35
14
35
15
35
16
35
17
35
18
35
19
35
20
36
20
37
20
38
20
39
20
40
20
41
20
42
20
43
20
44
20
45
20
46
20
47
20
48
20
49
20
50
20
51
20
52
20
53
20
54
20
55
20
56
20
57
20
58
20
59
20
60
20
61
20
62
20
63
20
64
20
65
20
66
20
67
20
68
20
69
20
70
20
71
20
72
20
73
20
74
20
75
20
76
20
77
20
78
20
79
20
80
20
81
20
82
20
83
20
84
20
85
20
85
19
85
18
85
17
85
16
85
15
85
14
85
13
85
12
85
11
85
10
85
9
85
8
85
7
85
6
85
5
84
5
83
5
82
5
81
5
80
5
79
5
78
5
77
5
76
5
75
5
74
5
73
5
72
5
71
5
70
5
68
5
67
5
66
5
65
5
64
5
62
5
61
5
60
5
59
5
58
5
57
5
56
5
55
5
53
5
52
5
51
5
50
5
49
5
48
5
47
5
46
5
44
5
43
5
42
5
41
5
40
5
39
5
38
5
37
5
36
5
45
5
54
5
63
5
69
5
